0.0394337996840477
0.07037004828453064
0.08984767645597458
0.11914033442735672
0.13211122155189514
0.168082594871521
0.22483277320861816
0.2474333494901657
0.2585188150405884
0.2649434804916382
0.2797126770019531
0.30652615427970886
0.33561745285987854
0.35820257663726807
0.36591601371765137
0.3709920346736908
0.37890389561653137
0.3877609074115753
0.3984530568122864
0.42467379570007324
0.44344979524612427
0.4660056531429291
0.4893801808357239
0.5195233225822449
0.5483059287071228
0.575751006603241
0.6039918661117554
0.6280405521392822
0.6479844450950623
0.6645111441612244
0.6828520894050598
0.6921613812446594
0.7061120867729187
0.7172800898551941
0.7314805388450623
0.7505838871002197
0.7691318988800049
0.7731765508651733
0.7777089476585388
0.7849883437156677
0.7967362403869629
0.8071023225784302
0.8244160413742065
0.8388963341712952
0.8439997434616089
0.8444437384605408
0.8445810079574585
0.8471198678016663
0.8460062742233276
0.8438391089439392
0.8461518883705139
0.8546886444091797
0.8595280051231384
0.8605320453643799
0.858558714389801
0.8535828590393066
0.8479433655738831
0.8545191287994385
0.8570354580879211
0.8640257716178894
0.8788349628448486
0.880250871181488
0.8808375000953674
0.8895258903503418
0.9005523324012756
0.9050281047821045
0.9131081700325012
0.9173197746276855
0.9137821197509766
0.9075503349304199
0.9054479598999023
0.9038658738136292
0.9063127040863037
0.9111857414245605
0.913400411605835
0.9086318612098694
0.9125406742095947
0.9217920303344727
0.9247386455535889
0.9227502346038818
0.9223936796188354
0.9338016510009766
0.9345901608467102
0.9439374208450317
0.9527698159217834
0.9555739760398865
0.9565290212631226
0.9549459218978882
0.9450174570083618
0.9309172630310059
0.9210946559906006
0.9194497466087341
0.9119250178337097
0.9060928821563721
0.9058123230934143
0.9048032760620117
0.8948661684989929
0.885279655456543
0.8847176432609558
0.8864052891731262
0.8893308043479919
0.9050723910331726
0.9254982471466064
0.9298222661018372
0.937592625617981
0.9379715323448181
0.9368356466293335
0.9401494860649109
0.9524056911468506
0.9658414125442505
0.9759271144866943
0.9921356439590454
1.0060828924179077
1.0093086957931519
1.0168274641036987
1.027963638305664
1.0287128686904907
1.0323500633239746
1.0372380018234253
1.0372378826141357
