0 -0.14833872495913214
10 8.438574977617172
20 35.95755390809194
30 31.446214669228933
40 3.5817462941417872
50 5.841468081018456
60 -0.3984735892079997
70 -5.754839377930529
80 20.25124191146204
90 54.70244721564199
100 60.59206617190861
110 55.46117257631721
120 66.66703608007495
130 84.34275399268157
140 112.27615794950111
150 157.51076260788722
160 193.45990280731607
170 234.87336198419683
180 257.46400617361667
190 297.5691924181454
200 311.9361237609464
210 335.4687214606672
220 369.3507949717442
230 389.9351823771226
240 420.7049848139614
250 421.62431138111083
260 442.2765947766987
270 458.8527262779048
280 465.19253193081875
290 447.3767230342278
300 433.4708766365461
310 404.200277271711
320 335.89160837042425
330 326.83484947341276
340 340.95213949907594
350 380.7150623335243
360 378.7660877447014
370 417.22993744717314
380 441.1670376166552
390 454.6125136901786
400 473.51666688482874
410 486.1842501413955
420 521.3703539951174
430 571.8702850115089
440 585.7436051189061
450 557.2148294108965
460 525.3588113781268
470 474.61066802686497
480 466.32613028828393
490 459.41210471483856
500 453.23635975526906
510 492.6032652993705
520 571.129875695505
530 554.4207956235205
540 612.5603050581117
550 620.3328471212931
560 619.6122364130035
570 646.6750497871521
580 645.3109089138516
590 694.0322972400485
600 693.4750475917942
610 669.7119073762381
620 673.9648477330859
630 676.2893265566831
640 663.0496370940612
650 602.9257832841705
660 554.5247458727606
670 532.926980911574
680 476.2364485509148
690 441.2745308222935
700 441.86077879208597
710 450.68346720451586
720 493.9914473700925
730 495.2693078131877
740 513.1805817796046
750 566.8231962729399
760 551.1586057927777
770 516.8006059395352
780 524.933096046381
790 538.3785722064558
800 504.967482987631
810 505.6399963999769
820 496.0380009163204
830 477.88204258377954
840 507.90083672417234
850 491.572203023427
860 479.85647262429416
870 493.7807034619716
880 480.3748246904285
890 473.8546876186504
900 517.2920883862594
910 520.3272786575648
920 561.3065374098369
930 571.5746900016561
940 605.1060000221379
950 646.0767736815471
960 672.9528843449963
970 663.3056349750366
980 663.635170529444
990 660.6141370960793
1000 684.3885758388351
1010 734.4302651466448
1020 726.7171189066065
1030 761.4244680827258
1040 737.7504365462607
1050 671.4246828649028
1060 667.6066575536247
1070 661.6671117807648
1080 593.7502176666692
1090 612.7781198048253
1100 594.0274283230777
1110 579.5134064726582
1120 594.0033872122076
1130 569.9043400638573
1140 599.5942983697032
1150 615.809067572975
1160 591.2814768439933
1170 556.6462662477908
1180 566.5268865555745
1190 582.2473448901335
1200 586.8340633910957
1210 548.5477165989482
1220 526.973992835183
1230 491.1726576777824
1240 510.58879164673164
1250 489.99237619209225
1260 447.3795514562164
1270 450.5505186337374
1280 417.7652746866852
1290 448.6376132050457
1300 491.25963765474535
1310 493.47096651527863
1320 515.863594565699
1330 528.8048604233767
1340 543.1272375131836
1350 593.524632361502
1360 603.5855840015982
1370 612.4613119329881
1380 583.9954750045198
1390 560.9890150035901
1400 566.0636878094276
1410 540.7377060224658
1420 519.1505401282727
1430 538.0518649874857
1440 559.0492399554881
1450 587.8941239885776
1460 618.033823662836
1470 666.6731891361866
1480 658.9756139883589
1490 695.9345887006464
1500 719.7684382541971
1510 716.737505560251
1520 754.9467566483652
1530 773.6352238849811
1540 789.4009361923945
1550 842.313740177065
1560 819.9748512789135
1570 847.3283026253497
1580 852.492084283381
1590 833.1197902061193
1600 816.0026646214238
1610 790.0685074682757
1620 788.4031147411451
1630 797.5617100863692
1640 797.7547691012519
1650 737.2129855922724
1660 698.3538331338633
1670 687.2434346912762
1680 699.8141386237472
1690 689.9582741343462
1700 675.166341994209
1710 672.0406287895427
1720 659.3610174837148
1730 637.8870014660342
1740 633.8016648454806
1750 640.4809203010352
1760 648.3156866959
1770 690.1096071451207
1780 662.6741179581862
1790 650.1748379846711
1800 667.1392163043221
1810 711.9209442633137
1820 695.2684316790352
1830 689.8995778579606
1840 673.2930338674976
1850 677.5558734849269
1860 651.3621903955055
1870 651.6804125216129
1880 627.7892809459464
1890 620.1588871673672
1900 596.1234934195193
1910 565.9462952566563
1920 567.5056090324185
1930 518.6272308514701
1940 510.8808587743897
1950 492.0516724085421
1960 503.1401433681837
1970 535.3851078527075
1980 493.8387001915997
1990 448.80238851935104
2000 464.08510355945475
2010 472.0125066021568
2020 477.15011827408705
2030 425.8355256472987
2040 392.6280943372471
2050 396.63352190598226
2060 405.1627440106874
2070 415.7378051272109
2080 340.8050489914573
2090 306.12386988799074
2100 274.81378790207214
2110 264.17861634144447
2120 214.9020921680211
2130 140.903014313733
2140 91.33931163758186
2150 56.0996085842183
2160 42.96082968991709
2170 7.60793665600285
2180 -18.632523406516828
2190 -69.71516391528795
2200 -72.67199473285952
2210 -120.78033694926012
2220 -82.06742492117701
2230 -119.53543010488144
2240 -128.28768600048926
2250 -136.87764523040153
2260 -91.79515510896522
2270 -65.0749772439612
2280 -84.32288241545072
2290 -119.30213370458029
2300 -147.35080285501556
2310 -146.28155753136184
2320 -137.03732492345245
2330 -162.6794864023834
2340 -204.2407506212923
2350 -210.60248375715167
2360 -250.2275008967048
2370 -202.50817652491318
2380 -219.39547421473424
2390 -244.5142551365246
2400 -230.10065548004758
2410 -233.3225334744004
2420 -231.6521836231531
2430 -250.82930505760743
2440 -255.46694918995055
2450 -210.28213284236475
2460 -184.4971948989633
2470 -134.86785897884872
2480 -92.10029970122739
2490 -128.06202624435076
2500 -108.63159996381899
2510 -113.14456625792369
2520 -70.7036501963819
2530 -9.331274873719757
2540 -0.2693841091024838
2550 41.535592968715264
2560 76.83505217054321
2570 78.93429545369699
2580 178.76130712142816
2590 146.15922284212576
2600 166.82069096388562
2610 150.48570087240543
2620 181.1586239851483
2630 260.57344873931487
2640 265.3305992254569
2650 290.42675311754425
2660 339.77187282793477
2670 397.4686968316059
2680 419.55865877392614
2690 479.3013366905161
2700 495.99416111118444
2710 536.8178443495265
2720 611.538442495992
2730 649.8806570559852
2740 752.6512761463061
2750 778.1972014686612
2760 793.4940582725022
2770 821.326264469644
2780 776.0091991845886
2790 802.9631051853803
2800 797.1529650269007
2810 827.050124197918
2820 833.6628979175333
2830 880.3596451062443
2840 884.1055468252578
2850 865.6808630157227
2860 847.536917744791
2870 858.3184800931767
2880 846.2731991519845
2890 850.2390295052909
2900 798.657125396124
2910 801.6866589100036
2920 797.379264953029
2930 827.9531800395479
2940 800.272306939732
2950 832.5073722502257
2960 817.3540778121543
2970 796.4486249575795
2980 768.3519358731508
2990 752.3295110638007
3000 800.0396507094204
3010 776.7291103461205
3020 772.1140932434804
3030 737.8763142784463
3040 749.9442222493415
3050 727.2665980829588
3060 704.6215002068606
3070 648.9047630011297
3080 645.6595435292159
3090 618.3718593843097
3100 599.0320915107809
3110 603.2362348518245
3120 618.6639265119678
3130 634.7690737209217
3140 631.2084604583376
3150 627.0071455392826
3160 677.3260455035011
3170 659.5158934508872
3180 662.3120561134944
3190 648.3496271539032
3200 666.2587874058438
3210 691.6406370472025
3220 662.2314324407147
3230 658.8469080072875
3240 648.6643213112643
3250 647.426058083598
3260 672.1891334648799
3270 650.0864437534381
3280 666.1237100463859
3290 672.7668963418093
3300 685.3482141558228
3310 683.1771971316793
3320 653.7474792965161
3330 642.2799612322534
3340 594.0995669029944
3350 591.396040974776
3360 536.9189661767781
3370 528.6924250812735
3380 491.5955445875395
3390 476.95070295502103
3400 419.7722310174843
3410 363.0491722799891
3420 404.64933416756924
3430 373.146892800077
3440 358.4391123014657
3450 347.427721971654
3460 297.41008884891767
3470 289.41478981600613
3480 299.4142167577281
3490 256.17624638338856
3500 278.98681912054985
3510 234.12305332105996
3520 235.75026291392885
3530 215.30659463778233
3540 189.96292804413386
3550 222.92426082034288
3560 176.83850234560344
3570 156.30149770175922
3580 148.24467405702484
3590 130.3785841087868
3600 171.57007080502285
3610 160.15346347104048
3620 159.06441945312082
3630 174.91924061272837
3640 171.1033291024778
3650 218.76750015428195
3660 216.1254989244378
3670 243.29437634885414
3680 283.63930473649066
3690 272.960993004036
3700 269.87630617016896
3710 300.75643023463465
3720 334.11730826993676
3730 363.13049549952626
3740 352.8899271480784
3750 349.8879777880185
3760 354.91315411784564
3770 351.9005908762433
3780 379.01714340266074
3790 386.2967737771961
3800 403.568775329064
3810 420.9227996472266
3820 439.3877952931515
3830 489.74699219265915
3840 544.753032938334
3850 559.587390629337
3860 577.6966808213047
3870 564.5022454180887
3880 584.6786023849596
3890 628.6470828147214
3900 613.6316791704448
3910 576.2802150500054
3920 577.9328800080143
3930 556.8202262882683
3940 573.0781357499184
3950 516.0495826554375
3960 540.6683958645378
3970 565.8890132345407
3980 567.8521298467551
3990 544.7827308931812
4000 503.9760179271164
4010 554.3875546257235
4020 544.5910860460172
4030 569.6384430088517
4040 585.5130626896223
4050 607.9346889750295
4060 599.2209079359565
4070 566.6096240293816
4080 606.8244322682283
4090 597.8023134625289
4100 663.2511812883581
4110 689.9908005111821
4120 656.7777124437048
4130 666.0685567263984
4140 576.7405853741635
4150 611.7703990929945
4160 605.0975149292749
4170 592.7820942568185
4180 549.3885482819974
4190 499.06399147380193
4200 537.5377405234066
4210 467.437101616046
4220 473.7196252468443
4230 478.71156075197746
4240 422.1759042719392
4250 476.82693911041446
4260 488.7244150095786
4270 457.29411222200304
4280 545.3364525726892
4290 522.10369255908
4300 532.8831261187861
4310 523.9720434751232
4320 542.2468086147053
4330 533.4637174177043
4340 515.230678368782
4350 538.8990529747184
4360 525.4457913550897
4370 548.6608664754607
4380 549.7506251143413
4390 551.740611172863
4400 528.0149544582596
4410 545.9007731460877
4420 531.7728693254335
4430 486.89284787462736
4440 477.9676083930239
4450 436.30876521671007
4460 426.4373297216499
4470 416.3770926159632
4480 378.73569015654505
4490 351.1474537911178
4500 304.3637116377919
4510 276.6884952954017
4520 299.83144691005947
4530 275.52449943633167
4540 299.4538140597084
4550 273.0840422276816
4560 240.64106160415844
4570 239.610713776073
4580 224.1667664646135
4590 269.7179022342503
4600 303.95143869612866
4610 298.02886319554614
4620 287.25012909604607
4630 293.52699596941864
4640 315.01869679378586
4650 295.1938027777163
4660 312.5315715311142
4670 308.65696374447793
4680 314.202620929119
4690 392.09630005413317
4700 418.4943705743891
4710 447.6228215680703
4720 429.7681150893596
4730 388.23513457102797
4740 407.17252876347504
4750 394.9667150976845
4760 416.91595791077293
4770 408.1102396840688
4780 400.2033348823902
4790 392.4223076397943
4800 401.406942944541
4810 381.2701982673023
4820 391.4662121926532
4830 400.5293424680515
4840 426.67211474064095
4850 467.0785677401003
4860 477.30923683096665
4870 489.8056884690448
4880 520.4715407431947
4890 560.8383815395734
4900 570.9601581581834
4910 605.9878430883347
4920 563.8537732031643
4930 584.9600556310753
4940 552.383426716913
4950 565.2299271380739
4960 589.8706677435682
4970 557.8873578108943
4980 554.5707143800246
4990 522.1779448534728
5000 535.5307841926075
5010 544.6356403855626
5020 497.54074703127367
5030 493.5968441609128
5040 454.8204290897595
5050 475.03496919089207
5060 516.4399431883585
5070 526.2852088704205
5080 592.3188955106717
5090 590.13019359329
5100 593.4440087752739
5110 617.7608555961347
5120 653.0629378349092
5130 654.4801181406181
5140 654.6151805124243
5150 641.1039372373709
5160 608.313036532893
5170 669.0818196013097
5180 645.4063739836774
5190 679.2481356583647
5200 650.8501948066574
5210 669.4764228104895
5220 682.1213790373532
5230 718.9813607110686
5240 716.0550778131203
5250 708.7634193027723
5260 728.566385922448
5270 699.9117324822525
5280 710.9931326033013
5290 668.2756430837758
5300 689.9596883020648
5310 690.7382807523304
5320 652.5283151298066
5330 669.8568840828291
5340 661.5666895002707
5350 708.8100874433454
5360 740.6583350042133
5370 738.1153418871445
5380 730.0825593532803
5390 687.082202333369
5400 708.3433608150038
5410 746.5335278298132
5420 747.4167850637285
5430 753.0303232509273
5440 735.3559481045293
5450 678.4850992261063
5460 677.4017120521639
5470 645.0167279851657
5480 630.3485447885348
5490 631.9934242004385
5500 614.8112461217255
5510 603.6768065682684
5520 600.3976465518
5530 594.1688620732706
5540 579.7566766710636
5550 601.3339433046751
5560 642.6689075974559
5570 615.3684957699797
5580 626.227838468056
5590 637.5213966649443
5600 615.9434303114721
5610 633.6489176669876
5620 630.1752842948149
5630 643.5139818702125
5640 635.3935197260763
5650 624.7519768736133
5660 651.715067600577
5670 666.5572108376854
5680 699.5058159313244
5690 691.7778282076882
5700 644.4601779702207
5710 621.1892349089012
5720 598.4076604932783
5730 616.328833806828
5740 631.9821107721384
5750 608.8511872067418
5760 590.2680993747366
5770 590.0849396204354
5780 588.215174450122
5790 610.9175543483359
5800 618.7905037043595
5810 662.691802764873
5820 652.4024374841724
5830 641.3203228287141
5840 630.695765149629
5850 598.2386425892656
5860 580.5331553203016
5870 520.2912093243307
5880 502.7950367215657
5890 518.3181935380862
5900 469.76228007295236
5910 451.42670502905986
5920 471.8724870196825
5930 466.1648980169281
5940 469.7948213508888
5950 457.547996301951
5960 449.90557438755934
5970 483.32303498477097
5980 502.64087537535414
5990 529.0714721858947
6000 559.1362200190026
6010 549.3701638420016
6020 558.2501343630986
6030 566.8316813658028
6040 568.8754065765934
6050 584.7090148742163
6060 603.5579998477785
6070 579.6838385443893
6080 556.2155938784799
6090 593.6929356445536
6100 524.3595757591587
6110 546.162427784489
6120 524.1912724761071
6130 521.1574964590717
6140 521.6206951186672
6150 526.5850464699805
6160 549.4458303041131
6170 511.8228122846908
6180 538.8834968701597
6190 580.2170470817734
6200 586.2082181193231
6210 602.5821057929229
6220 625.6451334546616
6230 616.9426659304402
6240 643.769265130227
6250 645.8009771928572
6260 644.1468979805782
6270 691.9418889010326
6280 715.5430821377206
6290 690.4999677645932
6300 656.0288179482865
6310 627.4562023485894
6320 613.2639455806753
6330 606.9000987303398
6340 581.3379177566684
6350 578.624492481317
6360 528.821830695654
6370 513.3715269934596
6380 506.74106846715756
6390 534.433255081825
6400 561.8411600283881
6410 562.4026522663494
6420 546.1108023466961
6430 597.4253951465873
6440 597.1078726537892
6450 614.0078979396287
6460 608.8999841359944
6470 599.8467532077291
6480 609.777584612484
6490 610.907655001203
6500 639.6832288763643
6510 633.5654655722194
6520 692.1300056928992
6530 642.161869046173
6540 635.8574181055321
6550 589.0956033486002
6560 589.8749103332755
6570 574.9344586167007
6580 621.7182007700266
6590 609.0760728785999
6600 618.2671945141085
6610 612.6982107530067
6620 567.726252201121
6630 562.4995315904453
6640 568.7113458832489
6650 583.3738724090057
6660 577.7624480228346
6670 613.9831421212461
6680 578.7376423578297
6690 576.5277278381179
6700 602.2956954226906
6710 592.6300616127352
6720 576.1069546428371
6730 562.4344790098764
6740 578.5601394475057
6750 591.0898319968292
6760 642.6406238968787
6770 626.350887778253
6780 609.8567941175451
6790 602.3501491959205
6800 621.2253041555839
6810 654.245333121627
6820 624.7003516089235
6830 607.9778292334079
6840 601.2229071426389
6850 609.3271135489073
6860 607.9566163714235
6870 610.4953670718878
6880 628.0983183458818
6890 659.1382604274332
6900 638.8819944952952
6910 621.3122841325467
6920 575.2031841802464
6930 551.3106383503098
6940 495.19009830812666
6950 474.7464450196321
6960 450.39422849884636
6970 421.54298816157365
6980 437.1997930956303
6990 389.0830371792217
7000 404.7730830245238
7010 416.6924863200819
7020 388.74854450069756
7030 393.21505701455203
7040 434.93189674739097
7050 458.07837633079487
7060 480.58415434427934
7070 471.34493532627573
7080 448.868155720881
7090 403.88205523215515
7100 450.06680665891514
7110 433.5479572663761
7120 465.33962243843735
7130 455.24614450805666
7140 423.39154055645395
7150 428.33185062379425
7160 399.1298469690293
7170 422.32229514624885
7180 358.3443467783974
7190 412.3787360589238
7200 416.37920641699077
7210 430.0552250063496
7220 434.1080353366188
7230 414.73998367596135
7240 424.5520085333294
7250 432.72481039001343
7260 480.2609750940553
7270 478.7101465842589
7280 455.5792230188622
7290 456.08556193683603
7300 443.757413495258
7310 490.3410257085569
7320 499.0173233332288
7330 472.38306852736355
7340 453.23494558755044
7350 476.47264773762447
7360 438.5165512073966
7370 433.55078560181323
7380 441.3021148895618
7390 434.42838616485426
7400 458.47650750872083
7410 429.5580858021997
7420 437.33204203309975
7430 433.37328269148924
7440 451.4309475322156
7450 490.9880837557626
7460 499.27756371735995
7470 464.1091446703249
7480 488.6176364249012
7490 480.2220774253841
7500 472.9679024159889
7510 456.13718728807726
7520 430.74755210061323
7530 403.47683822798433
7540 424.76203773393786
7550 377.46631489286426
7560 361.3887367635267
7570 370.77998842561374
7580 352.6438286142358
7590 386.9056487766915
7600 358.8181594926382
7610 373.41916132002075
7620 423.04643390983597
7630 416.51781174519505
7640 419.7404043605088
7650 420.8400621734194
7660 417.3515725031001
7670 425.89846451339156
7680 387.53220866942524
7690 395.796233179331
7700 399.1157050321892
7710 410.5181556147825
7720 454.2624649070958
7730 460.0011811066196
7740 490.3318260812845
7750 544.0225228829115
7760 575.3467466325673
7770 626.9378503690065
7780 645.7083404584685
7790 636.9683894332943
7800 694.4551841498055
7810 666.0353159017043
7820 679.4383663378103
7830 684.9154278989329
7840 726.8288547019522
7850 744.4593900432142
7860 721.3383658249504
7870 776.1683178280198
7880 760.7066856233221
7890 764.265184998327
7900 799.6195921351004
7910 783.0109194425095
7920 827.3322769907913
7930 810.6210832043305
7940 791.017531903721
7950 853.1610697269807
7960 801.869818664305
7970 858.5490225224607
7980 860.8140905352628
7990 861.0220060213953
8000 857.0788026977918
8010 796.0540217483997
8020 774.0941800414207
8030 770.5568933552973
8040 781.1673241717458
8050 795.9868404657027
8060 816.1341990244837
8070 804.2063106360629
8080 829.1829581743514
8090 830.9183606061674
8100 819.7966487352804
8110 838.0339303739099
8120 854.0641256551619
8130 867.9233039122705
8140 875.6654334861951
8150 847.9548625180834
8160 837.6562974370074
8170 805.8285630182636
8180 848.6337472222646
8190 840.6228920847941
8200 825.5516205861204
8210 809.4994979084745
8220 781.662349574868
8230 837.1966416472587
8240 816.5125315081439
8250 882.4153984528475
8260 874.5007230061642
8270 940.2989249941152
8280 958.2879942978743
8290 983.3565640361421
8300 1000.3449835532147
8310 982.2031670709625
8320 983.6210470099804
8330 1006.3842369856077
8340 1044.0921212675166
8350 988.2183793924852
8360 979.6545171099165
8370 924.2680151784537
8380 933.746261718604
8390 975.2573148405418
8400 992.1141999545544
8410 1041.7400582900996
8420 1010.4002784358852
8430 1035.642108581321
8440 1015.617084711776
8450 993.7590792799067
8460 1009.0835203241188
8470 976.1547139247457
8480 1022.234815555508
8490 1015.6135567430299
8500 1000.9934557681389
8510 990.7917850853623
8520 962.2870505747742
8530 997.8217889573089
8540 1004.157352107067
8550 1043.8559219942556
8560 1064.5294182518278
8570 1062.3520298492977
8580 1058.5057208374424
8590 1056.5298767157606
8600 1065.5901784826187
8610 1036.403730845861
8620 1035.595440440748
8630 1027.8073422730079
8640 1014.3929783220501
8650 984.9279057746139
8660 934.3763494935324
8670 948.5127384936011
8680 923.7270360826162
8690 919.4755099800384
8700 920.0129610205781
8710 905.5753203397826
8720 933.6026992662831
8730 940.5718930608165
8740 942.9875945376353
8750 953.1461400362371
8760 961.6612053030015
8770 982.2342791935284
8780 953.4848753044682
8790 923.8826116830976
8800 905.3405353207914
8810 881.5349695543692
8820 836.2872144272421
8830 807.8765458064133
8840 804.6963789150684
8850 789.9999119313086
8860 767.1511561464371
8870 767.402911351154
8880 740.698646840603
8890 787.9321455230963
8900 803.9389992402358
8910 805.0655266725566
8920 811.1019516829608
8930 766.7551387695387
8940 765.5685008931137
8950 756.7599542444211
8960 742.2954440307665
8970 741.8859843503371
8980 720.760602948021
8990 714.3479590818813
9000 742.9410879102536
9010 723.9570254906821
9020 724.0334065737545
9030 730.7359887788728
9040 726.5261886804034
9050 722.4252960418424
9060 731.8752438937637
9070 715.7792814109818
9080 763.9717037029502
9090 789.7262442312983
9100 798.422340377133
9110 822.2724605696521
9120 822.3870247004347
9130 805.1015959192392
9140 797.659304031426
9150 780.4205433908036
9160 822.1635531962952
9170 834.3615814025318
9180 842.902816568846
9190 855.8716665803433
9200 827.6971822451237
9210 800.3663579283907
9220 808.2202232111094
9230 779.4008096173635
9240 796.5971295463651
9250 766.7848366378346
9260 749.8346152426756
9270 755.540790164263
9280 764.1520351218144
9290 770.8616881655255
9300 736.1564679511888
9310 752.237588950373
9320 740.0657157425856
9330 777.5805409230604
9340 771.3849973557766
9350 796.1579719976398
9360 860.5977049439196
9370 845.6558390596263
9380 875.6470490461993
9390 827.8605433051591
9400 896.1359713817519
9410 927.2961344380633
9420 943.0434623920323
9430 936.2404579929714
9440 940.5994773011877
9450 937.3323303463283
9460 925.6208425369026
9470 884.5659172359675
9480 870.5306501497021
9490 864.165389131648
9500 873.480274611763
9510 813.3705626521612
9520 800.1464292940977
9530 757.6891800721519
9540 758.4380747406731
9550 745.9783918960352
9560 761.8169424166746
9570 795.0059892001789
9580 764.3875197741145
9590 768.2550565490549
9600 769.4657356229015
9610 779.3046299265767
9620 768.0428984732154
9630 747.4224418211543
9640 753.3004628956401
9650 756.6758026894468
9660 687.8629235723142
9670 656.6999321805657
9680 664.2702154284892
9690 663.8070167688937
9700 667.2254966479759
9710 608.0874362400739
9720 591.9419771947303
9730 587.3177752793666
9740 609.4904746954941
9750 568.143482266901
9760 551.3672208256677
9770 551.0808105419868
9780 518.2184858785532
9790 501.20248220766086
9800 432.649143927902
9810 455.0608709527278
9820 460.85544001899666
9830 482.7608281258486
9840 459.65324612456436
9850 495.6038004917118
9860 459.62920492714284
9870 434.067723500229
9880 402.3354692255144
9890 349.6864336802729
9900 385.3053237043333
9910 344.5742772869314
9920 367.80632276613113
9930 388.2344350242704
9940 369.26734287697604
9950 403.23145422855123
9960 402.15725169422933
9970 369.5120272431001
9980 377.1417214749216
9990 347.181623524363
10000 379.7547243832275
10010 349.8413096474453
10020 343.479576511586
10030 338.5852350380612
10040 341.1013586222712
10050 369.1718777205987
10060 413.23299497130085
10070 449.81859441059635
10080 463.01090102513285
10090 475.619802992966
10100 436.51807996946053
10110 438.79164797622605
10120 436.70123963721034
10130 458.56278793892625
10140 463.01868657123816
10150 450.1113610850121
10160 416.8480619205634
10170 433.9708441761332
10180 420.7368114709368
10190 429.4739341606738
10200 396.729701596769
10210 386.973544766901
10220 328.2025183154595
10230 287.581793439133
10240 313.734464972304
10250 252.05129755975406
10260 322.4164343420535
10270 285.08335466160975
10280 268.1536314209228
10290 284.21565344570166
10300 262.9884355951728
10310 266.940124011639
10320 243.49733471086975
10330 251.61285463198973
10340 224.3937660240507
10350 213.90709913876023
10360 229.855971200475
10370 193.45070318004366
10380 201.5372246930739
10390 195.59556520573784
10400 171.96961615066738
10410 216.49464668192593
10420 169.5072466198268
10430 249.5026475987081
10440 240.77825267809266
10450 258.55870686241053
10460 271.02404637792273
10470 235.8803831492702
10480 255.1366989280307
10490 242.95988358377855
10500 299.8010344208026
10510 271.92357433735776
10520 316.7456141327392
10530 288.8313701816508
10540 244.69034387913004
10550 264.4911816235746
10560 253.28390402999463
10570 310.71837376195543
10580 266.7633356357245
10590 287.9961952560272
10600 346.92351184235974
10610 375.29741166974844
10620 421.18091124267835
10630 423.13978526518565
10640 481.4928669433349
10650 481.37760317924324
10660 531.2594594823154
10670 570.809524780718
10680 583.81231533677
10690 629.1640207131375
10700 609.643936494948
10710 606.305365581133
10720 562.7428017888508
10730 524.532836166327
10740 542.5586742635264
10750 543.1321946373002
10760 576.382051498218
10770 569.5168078663733
10780 581.2403238116115
10790 552.7490315180031
10800 556.0289061554324
10810 585.2556506409281
10820 598.2273290744142
10830 609.7309164719109
10840 571.4855811494621
10850 553.191017488717
10860 610.7379225627808
10870 604.9419393287935
10880 642.4327084107463
10890 618.1215183473113
10900 582.2883563598323
10910 598.2372284215471
10920 598.9076281194168
10930 621.1298389992065
10940 624.8446136080021
10950 625.9881113126003
10960 619.6299212196905
10970 640.7906573342797
10980 608.599431828922
10990 590.7129136808876
11000 590.6040062209794
11010 582.2614868269735
11020 630.011223688022
11030 619.0853992540062
11040 605.5734413579919
11050 609.6389793708313
11060 605.5819264508548
11070 655.4453982273797
11080 648.712403619556
11090 617.7700553099585
11100 601.1790673375028
11110 531.8011531125624
11120 513.1020868955045
11130 497.0287514424256
11140 489.4924085659537
11150 454.68535181685286
11160 411.7295492230386
11170 409.0323945866554
11180 407.5303480184598
11190 461.7316263277677
11200 467.70865560158023
11210 493.4306546788888
11220 509.72674718824925
11230 501.5391036748646
11240 516.6931126473454
11250 550.7618737949185
11260 594.9425123005201
11270 601.5241739841208
11280 588.7370694726546
11290 574.9012326931072
11300 562.923133207715
11310 569.2615246063588
11320 596.2932108702894
11330 624.9832189362064
11340 643.8025059549211
11350 637.4662432584053
11360 637.1755903850171
11370 620.4212413525261
11380 629.7877520973311
11390 647.5434505498179
11400 627.9370859879746
11410 595.8915368225169
11420 574.4033788679961
11430 583.4820651614016
11440 603.5007177391115
11450 578.2327176941258
11460 602.8260756246375
11470 537.9740696501433
11480 552.3692848666244
11490 565.521994265732
11500 592.6350038357514
11510 633.9388560059663
11520 681.8533680947687
11530 722.6841222582551
11540 740.7997688409575
11550 777.7849134527946
11560 766.6794722208758
11570 827.3959303912936
11580 813.7142551310606
11590 833.6742114323847
11600 823.0927790240262
11610 825.4483699701894
11620 821.6430723414812
11630 825.3316919518276
11640 788.2531958980894
11650 762.0920392720554
11660 765.1710692619454
11670 798.3912283411184
11680 839.3521025668434
11690 842.3193969344907
11700 892.2804626560726
11710 903.4693558962081
11720 886.2426233913982
11730 845.8651686269257
11740 890.7048783278934
11750 919.0575652067462
11760 957.7300300286593
11770 962.9723066573422
11780 967.8220937913215
11790 1001.8357016189069
11800 968.3984425870838
11810 991.2747824392236
11820 935.121001485795
11830 968.8927532826938
11840 978.4721219097502
11850 983.0362132944581
11860 996.0892149474812
11870 988.9375759330562
11880 1027.5980126191566
11890 975.1455790451961
11900 1019.6684807877753
11910 995.7575506043943
11920 1041.647421555711
11930 1002.8236238095749
11940 1017.9663191806529
11950 1012.9517568189196
11960 1047.7828546788905
11970 1051.194963352689
11980 1029.088730684849
11990 1026.2458997951173
12000 991.8249611623335
12010 1037.751600993642
12020 953.5831687962827
12030 957.9718859727947
12040 888.5437605643315
12050 874.0198394533305
12060 846.4591872417229
12070 834.91176003909
12080 849.0665334791545
12090 836.9434721882717
12100 860.3586773352213
12110 876.1229754749163
12120 884.7745323554088
12130 884.6055144513963
12140 904.0365048915953
12150 901.6321170161792
12160 869.6113235825526
12170 879.1807927759246
12180 846.0638843992342
12190 864.4440139557751
12200 838.7071584072169
12210 856.4062892854461
12220 879.4219340990991
12230 839.2021837237876
12240 862.2595546281007
12250 852.6745294167213
12260 864.4383572849008
12270 883.5454688415664
12280 876.2884503359792
12290 899.6937563088987
12300 841.2261104134154
12310 836.9618566282677
12320 836.3261120959133
12330 801.5975502309127
12340 801.1774916565928
12350 778.3167078224602
12360 797.2802568402535
12370 839.5953727652488
12380 833.0264388507696
12390 839.4532244806464
12400 794.4819804631702
12410 817.4481287142614
12420 799.2850994565763
12430 802.9581480612635
12440 791.183721385745
12450 748.6677759739649
12460 739.1400328712527
12470 718.223981036236
12480 743.6298718750163
12490 736.5751121846872
12500 754.453160314062
12510 773.8551524327224
12520 780.1136347795477
12530 791.1052265016449
12540 775.2532337640262
12550 738.2376765763806
12560 767.8901512947224
12570 721.4854562460175
12580 749.3905004832822
12590 710.8891823540612
12600 700.5984028190906
12610 645.0244985436193
12620 681.1610410870564
12630 632.0987887039487
12640 667.8958963458456
12650 652.1011856303423
12660 618.2304257206683
12670 688.7164829379336
12680 659.4621393109664
12690 691.1272272040844
12700 655.0826217617268
12710 652.9087764021463
12720 659.9133249955041
12730 662.3863084078871
12740 647.7237818821304
12750 653.3288349764662
12760 658.0223469632065
12770 677.7411469537043
12780 666.1689790068923
12790 699.466218629344
12800 704.9361943642217
12810 694.657442878512
12820 702.1174046719116
12830 694.2536400420599
12840 693.8943915451532
12850 731.7677506015739
12860 724.4732637557888
12870 704.3662169468461
12880 720.7478752654508
12890 728.0261064599196
12900 743.1108052744723
12910 702.0176969258271
12920 703.6710615171453
12930 700.5920314407037
12940 705.7600556884424
12950 689.0007645194864
12960 692.4644984579747
12970 698.5836609421863
12980 713.9781117776354
12990 742.5422421113667
13000 732.5470576728005
13010 730.1497407225288
13020 712.8628977736148
13030 696.0788507862762
13040 715.2821421202804
13050 724.3191024095775
13060 759.9047515223923
13070 788.5792035703021
13080 812.0948309977455
13090 835.0008688047326
13100 843.3377315278641
13110 852.8633458418967
13120 853.6270968085647
13130 851.0282358370989
13140 881.1304670846082
13150 879.9565568042017
13160 903.7154544300506
13170 849.0156226623228
13180 893.5767075391634
13190 859.0306057951549
13200 910.3904523947976
13210 900.4030535023369
13220 902.1568403741488
13230 891.8448480637453
13240 902.4913331392245
13250 905.7938346332539
13260 868.1835443829532
13270 888.8025867807442
13280 892.168027227418
13290 907.637429990569
13300 914.7105740343427
13310 908.3304565450388
13320 942.6085474330142
13330 972.5693449303305
13340 969.285942324155
13350 984.5205749694155
13360 988.9927292530436
13370 1017.3390598277131
13380 1016.4826721266564
13390 1029.7768151894056
13400 1005.7555633783977
13410 995.5333794669457
13420 1031.6218246278877
13430 1010.5897944943698
13440 1052.7429634404969
13450 1027.636910287828
13460 1024.299053994974
13470 1036.1222775997453
13480 1021.0022090852675
13490 1052.7931746240197
13500 1024.8676171580796
13510 1037.1625246018607
13520 1031.5701992766465
13530 1028.6990846863375
13540 1028.6418025776704
13550 1020.4421310150245
13560 993.1070641951358
13570 969.1084393272795
13580 964.8951113466153
13590 983.048241343719
13600 1011.192313189682
13610 1041.2542325142497
13620 1055.5723670143495
13630 1021.3169032426285
13640 1017.6636532456557
13650 1018.4083051513668
13660 1018.0561275796045
13670 1007.8912257768195
13680 977.5230973877534
13690 994.2965304069978
13700 1008.5114142911665
13710 1007.0949484333156
13720 1017.9691476891929
13730 1004.6905605578996
13740 1057.1861343902387
13750 1064.2705920354151
13760 1005.3206484193796
13770 963.5514837019903
13780 951.183023510574
13790 946.5814486249135
13800 934.8437908293865
13810 938.1498204652652
13820 916.7161161974229
13830 917.3497470153011
13840 912.4405488974237
13850 966.650312386146
13860 952.1667030249835
13870 938.5507949662801
13880 916.9021042871615
13890 948.2751250526214
13900 923.8161298606067
13910 967.2153475805055
13920 912.8825348681376
13930 916.2366617999598
13940 884.6599681380746
13950 880.1630581226156
13960 869.5300003630155
13970 812.6718792537141
13980 853.0854032648692
13990 822.8070832747546
14000 912.2276912748266
14010 888.733991243777
14020 933.659281741641
14030 900.7149192377094
14040 877.3237552016301
14050 865.2763604594102
14060 831.1722296119119
14070 844.2605860637598
14080 846.7986370443637
14090 861.5764273342122
14100 896.1515273997591
14110 893.2556570776189
14120 898.4272092941037
14130 934.1903614903456
14140 923.6881384139449
14150 919.1579874872402
14160 922.2412602399402
14170 887.8401201283193
14180 860.3013953131058
14190 830.5661830344052
14200 825.4002875753462
14210 856.5427658249707
14220 842.4827579945261
14230 826.7198740225497
14240 794.9006247832201
14250 766.6236043664787
14260 754.554282227865
14270 771.9408328363121
14280 741.0868787579476
14290 757.6545250797393
14300 768.4608432465077
14310 749.4400120334958
14320 747.7258224636639
14330 705.2940286068583
14340 681.6129263183518
14350 673.911108580817
14360 692.3916603313005
14370 688.9986358173585
14380 734.2379056785198
14390 727.6392738957445
14400 765.3316019865435
14410 784.4273851272574
14420 767.9347057208195
14430 791.0217744934282
14440 792.7748617319312
14450 791.6716758637231
14460 812.8331116116215
14470 800.0325797842761
14480 795.32068335754
14490 795.16369358934
14500 788.3175489319008
14510 778.3697473414201
14520 743.322963350312
14530 719.198460923373
14540 715.1930333546377
14550 735.1777454743446
14560 709.2930847972068
14570 713.6846304822587
14580 698.6197301888689
14590 647.7888345492509
14600 704.3959149016933
14610 689.033290809771
14620 710.3983994540946
14630 765.2382507177454
14640 745.9769777283166
14650 806.8348695623758
14660 799.8331494775581
14670 835.6012587113653
14680 827.0826505747541
14690 790.3733021919525
14700 835.8473572452078
14710 837.4307120452888
14720 877.3965934148556
14730 835.3834439646514
14740 784.3064646922912
14750 800.2553367540061
14760 760.9697543428904
14770 850.7142563006988
14780 879.5768100662715
14790 918.967756894346
14800 927.2699645385135
14810 875.6201795133405
14820 913.0614520327317
14830 905.0357404240117
14840 985.6810429462907
14850 998.2630603070618
14860 1007.6437130752583
14870 1019.7271770641607
14880 987.1265069525771
14890 1030.0702964847824
14900 1039.7500722315779
14910 1094.8148092536383
14920 1117.9952292950452
14930 1107.5785721144407
14940 1086.6264511192926
14950 1070.8147702180636
14960 1086.4659183946942
14970 1062.7735025913362
14980 1039.5959107988149
14990 1014.1864770036366
15000 1024.2700556734355
15010 1035.4547063238642
15020 1017.1877268169387
15030 1036.5656777381778
15040 1050.3187769573665
15050 1056.0956762046007
15060 1061.1590356686893
15070 1041.2867588910856
15080 1086.9750856481053
15090 1113.2352505600174
15100 1165.2492411196622
15110 1189.7160071297847
15120 1172.5189720605133
15130 1168.437178656012
15140 1143.112596049117
15150 1198.9835097618143
15160 1176.4480334472767
15170 1228.615470732172
15180 1202.4974547107222
15190 1196.8294624906393
15200 1156.5142323175046
15210 1145.0000460261172
15220 1174.9898418449718
15230 1132.536120764875
15240 1151.7613244210697
15250 1131.5326426427512
15260 1111.5210609036344
15270 1155.5942058573914
15280 1185.5804593257085
15290 1167.9676082718242
15300 1189.4133404158242
15310 1153.6056343127943
15320 1156.9251065118583
15330 1143.7419842772879
15340 1127.8213959161503
15350 1120.7121825391428
15360 1110.2856260979565
15370 1082.4491773111076
15380 1076.728860625783
15390 1054.8658980697971
15400 1073.8280330929747
15410 1125.03160463193
15420 1144.6598965901671
15430 1147.2658286598803
15440 1075.8668161673008
15450 1056.5496752369236
15460 1038.0075988746173
15470 1048.6406566342173
15480 1070.9378195282607
15490 1066.7513609939037
15500 1067.5780358390125
15510 1085.4129437100087
15520 1098.6314202240949
15530 1139.5307699245486
15540 1111.2898187544897
15550 1110.6250759005973
15560 1086.2573033618044
15570 1093.131731719821
15580 1124.262196821285
15590 1102.7337271169258
15600 1116.4337869037063
15610 1089.8476294803363
15620 1121.9136768868175
15630 1131.758227861367
15640 1128.55614856128
15650 1127.5144873048944
15660 1133.071458004387
15670 1183.2906357541779
15680 1149.6772874604408
15690 1138.565474850135
15700 1109.1449567287955
15710 1117.635281251381
15720 1118.1996018247796
15730 1127.9628295797918
15740 1131.153595451579
15750 1138.3398895449677
15760 1152.6530668343994
15770 1169.797062211608
15780 1190.9083015905326
15790 1178.8198806506161
15800 1164.0484613063973
15810 1163.972079877119
15820 1145.6888301639826
15830 1134.333047808514
15840 1109.7609026534356
15850 1091.7859902741682
15860 1089.6715407377305
15870 1057.6578182292485
15880 1031.5694997298888
15890 982.7625455944476
15900 1005.2711518568179
15910 1018.1204806134159
15920 1072.0813170597555
15930 1092.435876656811
15940 1091.9139816342786
15950 1088.5167295182812
15960 1097.9065669260983
15970 1127.7634142607258
15980 1113.1616978123823
15990 1123.1045572663982
16000 1127.5901538535572
16010 1159.7926929603182
16020 1196.426374102045
16030 1210.9071556470794
16040 1246.7834576332825
16050 1285.1610272517546
16060 1322.3052897280597
16070 1342.287158957435
16080 1336.7952561723691
16090 1353.2094551630498
16100 1338.6876476799737
16110 1334.5499862479724
16120 1361.0583639275123
16130 1353.8367152084015
16140 1360.4325179633279
16150 1340.247675903594
16160 1362.7612397228381
16170 1364.7490969926803
16180 1405.5169127228314
16190 1436.3037148879425
16200 1437.9301801442007
16210 1426.6931900408788
16220 1430.9503424928214
16230 1455.0225046013522
16240 1474.7950892263834
16250 1449.0964609960797
16260 1420.866139041421
16270 1391.439219566391
16280 1409.7677683884408
16290 1390.7136664619825
16300 1393.0819850907158
16310 1407.81239261903
16320 1419.7947055843406
16330 1448.7994823131207
16340 1482.0860472379077
16350 1509.6799859295766
16360 1520.0541725963599
16370 1545.243692658346
16380 1478.6634157336475
16390 1473.6565932626522
16400 1413.3834908735712
16410 1421.047883935592
16420 1412.1954236686727
16430 1410.4565228106567
16440 1415.6471888160959
16450 1394.8732553769291
16460 1411.2973396791572
16470 1350.4458189638303
16480 1393.6852040251972
16490 1403.5318536400196
16500 1418.6576087141239
16510 1430.6675054870482
16520 1402.5227331422616
16530 1361.9147515420173
16540 1349.7697630278435
16550 1353.0694357536786
16560 1395.166022657205
16570 1398.1495874041661
16580 1405.9214301802444
16590 1394.2155833616293
16600 1442.0034890616994
16610 1440.6315774568425
16620 1436.317856565128
16630 1449.1671711130375
16640 1426.9980144802053
16650 1474.582960606539
16660 1421.1510755529816
16670 1431.2403257082042
16680 1391.2037352602968
16690 1349.8284592176778
16700 1353.2462238699388
16710 1308.5960307467642
16720 1335.112892913307
16730 1309.9912839157337
16740 1345.248096674693
16750 1330.826711731765
16760 1321.067726220254
16770 1320.188012029288
16780 1322.467937032649
16790 1381.60739618786
16800 1367.6152693599734
16810 1365.7228769868539
16820 1358.7027728947976
16830 1344.4143360898906
16840 1411.0138022611118
16850 1406.8018738932717
16860 1404.3564293255467
16870 1376.3905754436262
16880 1360.1531786913426
16890 1381.970173172822
16900 1374.800149372195
16910 1356.009860934673
16920 1386.2075567326992
16930 1390.5333356489787
16940 1412.9047655654122
16950 1421.6221041157778
16960 1419.4814848528936
16970 1436.6572620106735
16980 1428.1591965587327
16990 1411.0569277049412
17000 1412.120516271169
17010 1380.8776008399504
17020 1376.1451908383328
17030 1398.7655330691514
17040 1362.3517804751662
17050 1397.049929677807
17060 1393.3627393093827
17070 1395.9799843746384
17080 1437.6543386060039
17090 1434.677249631684
17100 1445.5605436012704
17110 1450.2703865237922
17120 1437.5059237700266
17130 1433.9700063752173
17140 1426.8607932578643
17150 1388.245625705373
17160 1395.0917698435035
17170 1389.5998670584377
17180 1358.4368757532407
17190 1377.2271641907628
17200 1391.3670962337806
17210 1422.2118650666646
17220 1445.4615509954556
17230 1448.0215289396963
17240 1473.8757173500726
17250 1501.8727735401249
17260 1494.3979702631275
17270 1504.114484914611
17280 1515.6697433187164
17290 1498.8248254378427
17300 1519.5803449810182
17310 1504.2630496271072
17320 1492.078404293103
17330 1472.8009351702083
17340 1458.4735710675325
17350 1378.8183047966031
17360 1374.662958125158
17370 1331.1979881913812
17380 1313.6777747374003
17390 1294.93981076512
17400 1241.8601178382196
17410 1253.3149078737063
17420 1214.0703375381495
17430 1223.9127740192598
17440 1181.8925535573599
17450 1168.1960221720828
17460 1149.3413805276464
17470 1162.5584427874626
17480 1131.7030745413795
17490 1144.014952343989
17500 1133.427863178205
17510 1142.2555086282
17520 1162.3498277545727
17530 1171.081293859987
17540 1194.273741777552
17550 1143.7865386168332
17560 1162.2543628578499
17570 1139.5866378654969
17580 1156.7447748333398
17590 1139.9953829249655
17600 1168.9767437572339
17610 1175.7380219790834
17620 1135.1003267439282
17630 1156.8989359198968
17640 1165.3043946127527
17650 1184.8888467658542
17660 1229.58925159186
17670 1215.1254407518604
17680 1234.3372023641782
17690 1211.3774247125104
17700 1171.801904308622
17710 1180.7745119103133
17720 1145.372721838903
17730 1150.4763930528302
17740 1118.9520392765958
17750 1148.6752235060353
17760 1157.2680837639364
17770 1190.6537179638271
17780 1215.202521727896
17790 1240.2343221534147
17800 1251.496053779879
17810 1242.6090125067408
17820 1273.9777906824934
17830 1267.8819544285366
17840 1272.925515631117
17850 1275.4388104471325
17860 1266.3884082005102
17870 1254.46264868732
17880 1234.5253189829418
17890 1228.6812381933562
17900 1273.8943379818647
17910 1290.4238016021523
17920 1272.526669486024
17930 1266.118267949937
17940 1245.4221450088676
17950 1246.0996158915361
17960 1269.3542877080272
17970 1264.1544517909654
17980 1258.1173125923572
17990 1257.0190689471651
18000 1261.0994632581514
18010 1265.8537848895473
18020 1282.5946917050587
18030 1263.93805181783
18040 1289.109172105963
18050 1275.6049995829508
18060 1268.1513942668375
18070 1295.8548945694592
18080 1263.6219429734415
18090 1285.5909849135533
18100 1266.7441139141217
18110 1308.061408301316
18120 1295.0239621469914
18130 1307.1166261959236
18140 1360.7464981921398
18150 1393.768655860311
18160 1420.5195882517805
18170 1382.6200743700138
18180 1408.019623546057
18190 1401.724342170833
18200 1406.9171076820596
18210 1393.4475902380118
18220 1391.4434618098926
18230 1362.7499262079866
18240 1356.9115026085842
18250 1331.7679652625511
18260 1315.134552258538
18270 1310.9056531856634
18280 1284.750153057401
18290 1280.4823716497126
18300 1247.7296538198423
18310 1224.5704460345596
18320 1222.9976902149206
18330 1219.3571679870693
18340 1193.6372827107882
18350 1230.0934612018455
18360 1225.9798408807146
18370 1223.7183015290702
18380 1215.3969942180856
18390 1227.5179416213896
18400 1250.1906091829642
18410 1266.8275657492354
18420 1252.9698011405367
18430 1236.462965415467
18440 1241.756867135737
18450 1215.4125508419531
18460 1252.2053507136627
18470 1242.1069156591652
18480 1276.916800916806
18490 1253.8947843785604
18500 1222.0154248682297
18510 1201.2266651927714
18520 1191.7844880724065
18530 1235.3901919499642
18540 1207.8606516012683
18550 1209.3237858593466
18560 1118.4025601002436
18570 1090.0802857106478
18580 1078.5844839458077
18590 1049.620093645471
18600 1063.4099617446514
18610 1006.4570751122819
18620 970.2972060789355
18630 949.341542040838
18640 928.5209554487499
18650 959.5354422517127
18660 953.5004313224756
18670 899.5799066259742
18680 868.3794317332729
18690 825.0028560307293
18700 803.3202248936075
18710 802.9270359386976
18720 793.9869550600479
18730 822.3856105327163
18740 830.5492128486794
18750 797.2562156428319
18760 789.7927109795858
18770 775.8118976665503
18780 774.3897750512735
18790 819.1934304932107
18800 775.7489588004574
18810 750.0255454688787
18820 748.291557204781
18830 759.998802511051
18840 755.3144902381348
18850 738.1323121594219
18860 710.2463519089108
18870 717.560652350062
18880 726.1393710173289
18890 759.8008013597035
18900 806.8539685367812
18910 842.1496794837205
18920 903.1405198885583
18930 937.2269658428181
18940 935.331030772955
18950 961.3953081614446
18960 980.6381966243259
18970 1005.2414539019704
18980 1028.792436041687
18990 1001.0394243619546
19000 965.3370972307778
19010 985.9250126049023
19020 971.4392895292635
19030 973.6534468117853
19040 904.5032465941401
19050 915.4898811055691
19060 937.9786887602249
19070 975.1788199564417
19080 1033.6393948402292
19090 1011.7594620985176
19100 1018.3149537960172
19110 974.1915973990826
19120 960.2263550917062
19130 950.2912810972442
19140 945.8608378300725
19150 951.4765048059508
19160 955.3107856819936
19170 936.6718299955915
19180 954.0689944855812
19190 960.9780779225619
19200 964.8463144173627
19210 961.3755094671787
19220 971.5276836739451
19230 989.9035706407788
19240 1036.0869229740238
19250 1012.8159798261527
19260 1029.9359337462852
19270 1003.2040850819146
19280 1003.2281262793363
19290 1031.5150460432105
19300 957.1501533507021
19310 989.4891689104361
19320 965.3710377753324
19330 981.083710563786
19340 970.1600148318983
19350 933.3884273894159
19360 914.6554208009065
19370 910.9986278475357
19380 906.0922581516468
19390 917.2783229697939
19400 866.5471500639123
19410 829.6772689565125
19420 818.2040942213755
19430 814.209980167492
19440 857.7011200008185
19450 870.1190767547964
19460 877.8385792990182
19470 915.7048675168458
19480 926.1490938636184
19490 985.093380635677
19500 1015.5718307389213
19510 1038.6440580279325
19520 1071.6358032933983
19530 1081.12393419303
19540 1049.635649663478
19550 1029.6565943011972
19560 1035.6993906899881
19570 1044.6861397957628
19580 1047.056587126624
19590 993.9217258920839
19600 999.1067203255484
19610 967.0229881123803
19620 954.5809902475323
19630 953.3116148972999
19640 943.6749643346794
19650 927.3314891503362
19660 909.5390219044093
19670 933.9817462843528
19680 954.3299495772249
19690 982.9513620196232
19700 992.3327143345773
19710 993.6607858746437
19720 1006.6621622629771
19730 997.3515192860177
19740 1015.7705464246784
19750 1006.5560832250575
19760 961.6124083737488
19770 928.2027333226425
19780 921.227882684132
19790 943.3503709167368
19800 968.2499378251952
19810 950.685169685463
19820 911.7404514178095
19830 898.5403592571678
19840 892.3971405878827
19850 897.3813055345624
19860 903.0344409371901
19870 920.4712026426084
19880 871.814167350223
19890 872.5835750743165
19900 814.2573629290262
19910 842.1793774385678
19920 875.9200171129006
19930 886.174027854431
19940 861.3536703644821
19950 837.4031279780204
19960 879.5074999948949
19970 898.4717637202007
19980 897.6295177828812
19990 908.719402996793
20000 943.7265897724722
